1001010111100101011111111
0000000000100101011111111
0000000000100101011111111
0000000000100101011111111
0000000000100101011111111
0000000000100101011111111
0000000000100101011111111
0000000000100101011111111
0000000000100101011111111
0000000000100101011111111
1001010111100101011111111
0000000000100101011111111
0000000000100101011111111
0000000000100101011111111
0000000000100101011111111
0000000000100101011111111
0000000000100101011111111
0000000000100101011111111
0000000000100101011111111
0000000000100101011111111
0000000000100101011111111
0000000000100101011111111
0000000000100101011111111
0000000000100101011111111
0000000000100101011111111
